20.8914583333
-156.478968333
20.8914583333
-156.478968333
20.8914583333
-156.478968333
20.8914583333
-156.478968333
20.8914583333
-156.478968333
20.8914583333
-156.478968333
20.8914583333
-156.478968333
20.8914583333
-156.478968333
20.8914583333
-156.478968333
20.8914583333
-156.478968333
20.8914583333
-156.478968333
23.0
20.8914583333
-156.478968333
23.0
20.8914583333
-156.478968333
23.0
20.8914583333
-156.478968333
23.20.8914583333
-156.478968333
23.20.8914583333
-156.478968333
23.20.8914583333
-156.478968333
23.020.8914583333
-156.478968333
23.020.8914583333
-156.478968333
23.020.8914583333
-156.478968333
23.0
20.8914583333
-156.478968333
23.0
20.8914583333
-156.478968333
23.0
20.8914583333
-156.478968333
23.0
20.8914583333
-156.478968333
23.0
20.8914583333
-156.478968333
23.0
20.8914583333
-156.478968333
23.0
20.8914583333
-156.478968333
23.0
20.8914583333
-156.478968333
23.0
40.805
-73.9868333333
23.0
40.805
-73.9868333333
23.0
2017-03-02 21:45:44.28224940.805
-73.9868333333
23.0
2017-03-02 21:45:54.96972440.805
-73.9868333333
23.0
2017-03-02 21:46:02.49282440.805
-73.9868333333
23.0
2017-03-02 21:46:07.35185240.805
-73.9868333333
23.0
2017-03-02 21:46:29.221681
40.805
-73.9868333333
23.0
2017-03-02 21:46:34.089353
40.805
-73.9868333333
23.0
2017-03-02 21:46:38.944664
40.805
-73.9868333333
23.0
2017-03-02 21:46:43.808700
40.805
-73.9868333333
23.0
2017-03-02 21:46:48.669837
40.805
-73.9868333333
23.0
2017-03-02 21:46:53.532195
40.805
-73.9868333333
23.0
2017-03-02 21:46:58.393066
40.805
-73.9868333333
23.0
2017-03-02 21:47:03.255890
40.805
-73.9868333333
23.0
